0.000000,99.000000,1.000000,0.000000
0.010000,98.505000,1.490000,0.005000
0.020000,97.771138,2.216412,0.012450
0.030000,96.687632,3.288836,0.023532
0.040000,95.097683,4.862341,0.039976
0.050000,92.785697,7.150015,0.064288
0.060000,89.468601,10.431361,0.100038
0.070000,84.802204,15.045601,0.152195
0.080000,78.422704,21.349873,0.227423
0.090000,70.051130,29.614698,0.334172
0.100000,59.678415,39.839340,0.482246
0.110000,47.790671,51.527886,0.681442
0.120000,35.477910,63.583008,0.939082
0.130000,24.198949,74.544054,1.256997
0.140000,15.179510,83.190773,1.629717
0.150000,8.865534,89.088795,2.045671
0.160000,4.916435,92.592450,2.491115
0.170000,2.640311,94.405611,2.954077
0.180000,1.394010,95.179884,3.426105
0.190000,0.730602,95.367394,3.902005
0.200000,0.382224,95.238935,4.378842
0.210000,0.200211,94.944753,4.855036
0.220000,0.105166,94.565074,5.329760
0.230000,0.055441,94.141974,5.802585
0.240000,0.029344,93.697360,6.273295
0.250000,0.015597,93.242621,6.741782
0.260000,0.008325,92.783679,7.207995
0.270000,0.004463,92.323623,7.671914
0.280000,0.002403,91.864065,8.133532
0.290000,0.001299,91.405849,8.592852
0.300000,0.000705,90.949413,9.049881
0.310000,0.000385,90.494987,9.504628
0.320000,0.000211,90.042686,9.957103
0.330000,0.000116,89.592567,10.407317
0.340000,0.000064,89.144656,10.855280
0.350000,0.000035,88.698962,11.301003
0.360000,0.000020,88.255483,11.744498
0.370000,0.000011,87.814214,12.185775
0.380000,0.000006,87.375148,12.624846
0.390000,0.000003,86.938275,13.061722
0.400000,0.000002,86.503585,13.496413
0.410000,0.000001,86.071068,13.928931
0.420000,0.000001,85.640713,14.359287
0.430000,0.000000,85.212510,14.787490
0.440000,0.000000,84.786447,15.213553
0.450000,0.000000,84.362515,15.637485
0.460000,0.000000,83.940702,16.059297
0.470000,0.000000,83.520999,16.479001
0.480000,0.000000,83.103394,16.896606
0.490000,0.000000,82.687877,17.312123
0.500000,0.000000,82.274438,17.725562
0.510000,0.000000,81.863065,18.136935
0.520000,0.000000,81.453750,18.546250
0.530000,0.000000,81.046481,18.953519
0.540000,0.000000,80.641249,19.358751
0.550000,0.000000,80.238043,19.761957
0.560000,0.000000,79.836853,20.163147
0.570000,0.000000,79.437668,20.562332
0.580000,0.000000,79.040480,20.959520
0.590000,0.000000,78.645278,21.354722
0.600000,0.000000,78.252051,21.747949
0.610000,0.000000,77.860791,22.139209
0.620000,0.000000,77.471487,22.528513
0.630000,0.000000,77.084130,22.915870
0.640000,0.000000,76.698709,23.301291
0.650000,0.000000,76.315215,23.684785
0.660000,0.000000,75.933639,24.066361
0.670000,0.000000,75.553971,24.446029
0.680000,0.000000,75.176201,24.823799
0.690000,0.000000,74.800320,25.199680
0.700000,0.000000,74.426319,25.573681
0.710000,0.000000,74.054187,25.945813
0.720000,0.000000,73.683916,26.316084
0.730000,0.000000,73.315496,26.684504
0.740000,0.000000,72.948919,27.051081
0.750000,0.000000,72.584174,27.415826
0.760000,0.000000,72.221254,27.778746
0.770000,0.000000,71.860147,28.139853
0.780000,0.000000,71.500847,28.499153
0.790000,0.000000,71.143342,28.856658
0.800000,0.000000,70.787626,29.212374
0.810000,0.000000,70.433687,29.566313
0.820000,0.000000,70.081519,29.918481
0.830000,0.000000,69.731111,30.268889
0.840000,0.000000,69.382456,30.617544
0.850000,0.000000,69.035544,30.964456
0.860000,0.000000,68.690366,31.309634
0.870000,0.000000,68.346914,31.653086
0.880000,0.000000,68.005179,31.994821
0.890000,0.000000,67.665154,32.334846
0.900000,0.000000,67.326828,32.673172
0.910000,0.000000,66.990194,33.009806
0.920000,0.000000,66.655243,33.344757
0.930000,0.000000,66.321966,33.678034
0.940000,0.000000,65.990357,34.009643
0.950000,0.000000,65.660405,34.339595
0.960000,0.000000,65.332103,34.667897
0.970000,0.000000,65.005442,34.994558
0.980000,0.000000,64.680415,35.319585
0.990000,0.000000,64.357013,35.642987
1.000000,0.000000,64.035228,35.964772
1.010000,0.000000,63.715052,36.284948
1.020000,0.000000,63.396477,36.603523
1.030000,0.000000,63.079494,36.920506
1.040000,0.000000,62.764097,37.235903
1.050000,0.000000,62.450276,37.549724
1.060000,0.000000,62.138025,37.861975
1.070000,0.000000,61.827335,38.172665
1.080000,0.000000,61.518198,38.481802
1.090000,0.000000,61.210607,38.789393
1.100000,0.000000,60.904554,39.095446
1.110000,0.000000,60.600031,39.399969
1.120000,0.000000,60.297031,39.702969
1.130000,0.000000,59.995546,40.004454
1.140000,0.000000,59.695568,40.304432
1.150000,0.000000,59.397090,40.602910
1.160000,0.000000,59.100105,40.899895
1.170000,0.000000,58.804604,41.195396
1.180000,0.000000,58.510581,41.489419
1.190000,0.000000,58.218028,41.781972
1.200000,0.000000,57.926938,42.073062
1.210000,0.000000,57.637304,42.362696
1.220000,0.000000,57.349117,42.650883
1.230000,0.000000,57.062372,42.937628
1.240000,0.000000,56.777060,43.222940
1.250000,0.000000,56.493174,43.506826
1.260000,0.000000,56.210709,43.789291
1.270000,0.000000,55.929655,44.070345
1.280000,0.000000,55.650007,44.349993
1.290000,0.000000,55.371757,44.628243
1.300000,0.000000,55.094898,44.905102
1.310000,0.000000,54.819423,45.180577
1.320000,0.000000,54.545326,45.454674
1.330000,0.000000,54.272600,45.727400
1.340000,0.000000,54.001237,45.998763
1.350000,0.000000,53.731230,46.268770
1.360000,0.000000,53.462574,46.537426
1.370000,0.000000,53.195261,46.804739
1.380000,0.000000,52.929285,47.070715
1.390000,0.000000,52.664639,47.335361
1.400000,0.000000,52.401315,47.598685
1.410000,0.000000,52.139309,47.860691
1.420000,0.000000,51.878612,48.121388
1.430000,0.000000,51.619219,48.380781
1.440000,0.000000,51.361123,48.638877
1.450000,0.000000,51.104318,48.895682
1.460000,0.000000,50.848796,49.151204
1.470000,0.000000,50.594552,49.405448
1.480000,0.000000,50.341579,49.658421
1.490000,0.000000,50.089871,49.910129
1.500000,0.000000,49.839422,50.160578
1.510000,0.000000,49.590225,50.409775
1.520000,0.000000,49.342274,50.657726
1.530000,0.000000,49.095562,50.904438
1.540000,0.000000,48.850085,51.149915
1.550000,0.000000,48.605834,51.394166
1.560000,0.000000,48.362805,51.637195
1.570000,0.000000,48.120991,51.879009
1.580000,0.000000,47.880386,52.119614
1.590000,0.000000,47.640984,52.359016
1.600000,0.000000,47.402779,52.597221
1.610000,0.000000,47.165765,52.834235
1.620000,0.000000,46.929936,53.070064
1.630000,0.000000,46.695287,53.304713
1.640000,0.000000,46.461810,53.538190
1.650000,0.000000,46.229501,53.770499
1.660000,0.000000,45.998354,54.001646
1.670000,0.000000,45.768362,54.231638
1.680000,0.000000,45.539520,54.460480
1.690000,0.000000,45.311823,54.688177
1.700000,0.000000,45.085263,54.914737
1.710000,0.000000,44.859837,55.140163
1.720000,0.000000,44.635538,55.364462
1.730000,0.000000,44.412360,55.587640
1.740000,0.000000,44.190298,55.809702
1.750000,0.000000,43.969347,56.030653
1.760000,0.000000,43.749500,56.250500
1.770000,0.000000,43.530753,56.469247
1.780000,0.000000,43.313099,56.686901
1.790000,0.000000,43.096534,56.903466
1.800000,0.000000,42.881051,57.118949
1.810000,0.000000,42.666646,57.333354
1.820000,0.000000,42.453312,57.546688
1.830000,0.000000,42.241046,57.758954
1.840000,0.000000,42.029841,57.970159
1.850000,0.000000,41.819691,58.180309
1.860000,0.000000,41.610593,58.389407
1.870000,0.000000,41.402540,58.597460
1.880000,0.000000,41.195527,58.804473
1.890000,0.000000,40.989550,59.010450
1.900000,0.000000,40.784602,59.215398
1.910000,0.000000,40.580679,59.419321
1.920000,0.000000,40.377775,59.622225
1.930000,0.000000,40.175887,59.824113
1.940000,0.000000,39.975007,60.024993
1.950000,0.000000,39.775132,60.224868
1.960000,0.000000,39.576256,60.423744
1.970000,0.000000,39.378375,60.621625
1.980000,0.000000,39.181483,60.818517
1.990000,0.000000,38.985576,61.014424
2.000000,0.000000,38.790648,61.209352
2.010000,0.000000,38.596695,61.403305
2.020000,0.000000,38.403711,61.596289
2.030000,0.000000,38.211693,61.788307
2.040000,0.000000,38.020634,61.979366
2.050000,0.000000,37.830531,62.169469
2.060000,0.000000,37.641378,62.358622
2.070000,0.000000,37.453172,62.546828
2.080000,0.000000,37.265906,62.734094
2.090000,0.000000,37.079576,62.920424
2.100000,0.000000,36.894178,63.105822
2.110000,0.000000,36.709707,63.290293
2.120000,0.000000,36.526159,63.473841
2.130000,0.000000,36.343528,63.656472
2.140000,0.000000,36.161810,63.838190
2.150000,0.000000,35.981001,64.018999
2.160000,0.000000,35.801096,64.198904
2.170000,0.000000,35.622091,64.377909
2.180000,0.000000,35.443980,64.556020
2.190000,0.000000,35.266761,64.733239
2.200000,0.000000,35.090427,64.909573
2.210000,0.000000,34.914975,65.085025
2.220000,0.000000,34.740400,65.259600
2.230000,0.000000,34.566698,65.433302
2.240000,0.000000,34.393864,65.606136
2.250000,0.000000,34.221895,65.778105
2.260000,0.000000,34.050785,65.949215
2.270000,0.000000,33.880531,66.119469
2.280000,0.000000,33.711129,66.288871
2.290000,0.000000,33.542573,66.457427
2.300000,0.000000,33.374860,66.625140
2.310000,0.000000,33.207986,66.792014
2.320000,0.000000,33.041946,66.958054
2.330000,0.000000,32.876736,67.123264
2.340000,0.000000,32.712353,67.287647
2.350000,0.000000,32.548791,67.451209
2.360000,0.000000,32.386047,67.613953
2.370000,0.000000,32.224117,67.775883
2.380000,0.000000,32.062996,67.937004
2.390000,0.000000,31.902681,68.097319
2.400000,0.000000,31.743168,68.256832
2.410000,0.000000,31.584452,68.415548
2.420000,0.000000,31.426530,68.573470
2.430000,0.000000,31.269397,68.730603
2.440000,0.000000,31.113050,68.886950
2.450000,0.000000,30.957485,69.042515
2.460000,0.000000,30.802697,69.197303
2.470000,0.000000,30.648684,69.351316
2.480000,0.000000,30.495440,69.504560
2.490000,0.000000,30.342963,69.657037
2.500000,0.000000,30.191248,69.808752
2.510000,0.000000,30.040292,69.959708
2.520000,0.000000,29.890091,70.109909
2.530000,0.000000,29.740640,70.259360
2.540000,0.000000,29.591937,70.408063
2.550000,0.000000,29.443977,70.556023
2.560000,0.000000,29.296758,70.703242
2.570000,0.000000,29.150274,70.849726
2.580000,0.000000,29.004522,70.995478
2.590000,0.000000,28.859500,71.140500
2.600000,0.000000,28.715202,71.284798
2.610000,0.000000,28.571626,71.428374
2.620000,0.000000,28.428768,71.571232
2.630000,0.000000,28.286624,71.713376
2.640000,0.000000,28.145191,71.854809
2.650000,0.000000,28.004465,71.995535
2.660000,0.000000,27.864443,72.135557
2.670000,0.000000,27.725121,72.274879
2.680000,0.000000,27.586495,72.413505
2.690000,0.000000,27.448563,72.551437
2.700000,0.000000,27.311320,72.688680
2.710000,0.000000,27.174763,72.825237
2.720000,0.000000,27.038889,72.961111
2.730000,0.000000,26.903695,73.096305
2.740000,0.000000,26.769176,73.230824
2.750000,0.000000,26.635331,73.364669
2.760000,0.000000,26.502154,73.497846
2.770000,0.000000,26.369643,73.630357
2.780000,0.000000,26.237795,73.762205
2.790000,0.000000,26.106606,73.893394
2.800000,0.000000,25.976073,74.023927
2.810000,0.000000,25.846193,74.153807
2.820000,0.000000,25.716962,74.283038
2.830000,0.000000,25.588377,74.411623
2.840000,0.000000,25.460435,74.539565
2.850000,0.000000,25.333133,74.666867
2.860000,0.000000,25.206467,74.793533
2.870000,0.000000,25.080435,74.919565
2.880000,0.000000,24.955033,75.044967
2.890000,0.000000,24.830257,75.169743
2.900000,0.000000,24.706106,75.293894
2.910000,0.000000,24.582576,75.417424
2.920000,0.000000,24.459663,75.540337
2.930000,0.000000,24.337364,75.662636
2.940000,0.000000,24.215678,75.784322
2.950000,0.000000,24.094599,75.905401
2.960000,0.000000,23.974126,76.025874
2.970000,0.000000,23.854256,76.145744
2.980000,0.000000,23.734984,76.265016
2.990000,0.000000,23.616309,76.383691
3.000000,0.000000,23.498228,76.501772
3.010000,0.000000,23.380737,76.619263
3.020000,0.000000,23.263833,76.736167
3.030000,0.000000,23.147514,76.852486
3.040000,0.000000,23.031776,76.968224
3.050000,0.000000,22.916617,77.083383
3.060000,0.000000,22.802034,77.197966
3.070000,0.000000,22.688024,77.311976
3.080000,0.000000,22.574584,77.425416
3.090000,0.000000,22.461711,77.538289
3.100000,0.000000,22.349402,77.650598
3.110000,0.000000,22.237655,77.762345
3.120000,0.000000,22.126467,77.873533
3.130000,0.000000,22.015835,77.984165
3.140000,0.000000,21.905756,78.094244
3.150000,0.000000,21.796227,78.203773
3.160000,0.000000,21.687246,78.312754
3.170000,0.000000,21.578810,78.421190
3.180000,0.000000,21.470915,78.529085
3.190000,0.000000,21.363561,78.636439
3.200000,0.000000,21.256743,78.743257
3.210000,0.000000,21.150459,78.849541
3.220000,0.000000,21.044707,78.955293
3.230000,0.000000,20.939484,79.060516
3.240000,0.000000,20.834786,79.165214
3.250000,0.000000,20.730612,79.269388
3.260000,0.000000,20.626959,79.373041
3.270000,0.000000,20.523824,79.476176
3.280000,0.000000,20.421205,79.578795
3.290000,0.000000,20.319099,79.680901
3.300000,0.000000,20.217504,79.782496
3.310000,0.000000,20.116416,79.883584
3.320000,0.000000,20.015834,79.984166
3.330000,0.000000,19.915755,80.084245
3.340000,0.000000,19.816176,80.183824
3.350000,0.000000,19.717095,80.282905
3.360000,0.000000,19.618510,80.381490
3.370000,0.000000,19.520417,80.479583
3.380000,0.000000,19.422815,80.577185
3.390000,0.000000,19.325701,80.674299
3.400000,0.000000,19.229073,80.770927
3.410000,0.000000,19.132927,80.867073
3.420000,0.000000,19.037263,80.962737
3.430000,0.000000,18.942076,81.057924
3.440000,0.000000,18.847366,81.152634
3.450000,0.000000,18.753129,81.246871
3.460000,0.000000,18.659363,81.340637
3.470000,0.000000,18.566067,81.433933
3.480000,0.000000,18.473236,81.526764
3.490000,0.000000,18.380870,81.619130
3.500000,0.000000,18.288966,81.711034
3.510000,0.000000,18.197521,81.802479
3.520000,0.000000,18.106533,81.893467
3.530000,0.000000,18.016001,81.983999
3.540000,0.000000,17.925921,82.074079
3.550000,0.000000,17.836291,82.163709
3.560000,0.000000,17.747110,82.252890
3.570000,0.000000,17.658374,82.341626
3.580000,0.000000,17.570082,82.429918
3.590000,0.000000,17.482232,82.517768
3.600000,0.000000,17.394821,82.605179
3.610000,0.000000,17.307846,82.692154
3.620000,0.000000,17.221307,82.778693
3.630000,0.000000,17.135201,82.864799
3.640000,0.000000,17.049525,82.950475
3.650000,0.000000,16.964277,83.035723
3.660000,0.000000,16.879456,83.120544
3.670000,0.000000,16.795058,83.204942
3.680000,0.000000,16.711083,83.288917
3.690000,0.000000,16.627528,83.372472
3.700000,0.000000,16.544390,83.455610
3.710000,0.000000,16.461668,83.538332
3.720000,0.000000,16.379360,83.620640
3.730000,0.000000,16.297463,83.702537
3.740000,0.000000,16.215976,83.784024
3.750000,0.000000,16.134896,83.865104
3.760000,0.000000,16.054221,83.945779
3.770000,0.000000,15.973950,84.026050
3.780000,0.000000,15.894080,84.105920
3.790000,0.000000,15.814610,84.185390
3.800000,0.000000,15.735537,84.264463
3.810000,0.000000,15.656859,84.343141
3.820000,0.000000,15.578575,84.421425
3.830000,0.000000,15.500682,84.499318
3.840000,0.000000,15.423179,84.576821
3.850000,0.000000,15.346063,84.653937
3.860000,0.000000,15.269333,84.730667
3.870000,0.000000,15.192986,84.807014
3.880000,0.000000,15.117021,84.882979
3.890000,0.000000,15.041436,84.958564
3.900000,0.000000,14.966229,85.033771
3.910000,0.000000,14.891398,85.108602
3.920000,0.000000,14.816941,85.183059
3.930000,0.000000,14.742856,85.257144
3.940000,0.000000,14.669142,85.330858
3.950000,0.000000,14.595796,85.404204
3.960000,0.000000,14.522817,85.477183
3.970000,0.000000,14.450203,85.549797
3.980000,0.000000,14.377952,85.622048
3.990000,0.000000,14.306062,85.693938
4.000000,0.000000,14.234532,85.765468
4.010000,0.000000,14.163359,85.836641
4.020000,0.000000,14.092542,85.907458
4.030000,0.000000,14.022080,85.977920
4.040000,0.000000,13.951969,86.048031
4.050000,0.000000,13.882209,86.117791
4.060000,0.000000,13.812798,86.187202
4.070000,0.000000,13.743734,86.256266
4.080000,0.000000,13.675016,86.324984
4.090000,0.000000,13.606640,86.393360
4.100000,0.000000,13.538607,86.461393
4.110000,0.000000,13.470914,86.529086
4.120000,0.000000,13.403560,86.596440
4.130000,0.000000,13.336542,86.663458
4.140000,0.000000,13.269859,86.730141
4.150000,0.000000,13.203510,86.796490
4.160000,0.000000,13.137492,86.862508
4.170000,0.000000,13.071805,86.928195
4.180000,0.000000,13.006446,86.993554
4.190000,0.000000,12.941414,87.058586
4.200000,0.000000,12.876707,87.123293
4.210000,0.000000,12.812323,87.187677
4.220000,0.000000,12.748261,87.251739
4.230000,0.000000,12.684520,87.315480
4.240000,0.000000,12.621097,87.378903
4.250000,0.000000,12.557992,87.442008
4.260000,0.000000,12.495202,87.504798
4.270000,0.000000,12.432726,87.567274
4.280000,0.000000,12.370562,87.629438
4.290000,0.000000,12.308710,87.691290
4.300000,0.000000,12.247166,87.752834
4.310000,0.000000,12.185930,87.814070
4.320000,0.000000,12.125001,87.874999
4.330000,0.000000,12.064376,87.935624
4.340000,0.000000,12.004054,87.995946
4.350000,0.000000,11.944033,88.055967
4.360000,0.000000,11.884313,88.115687
4.370000,0.000000,11.824892,88.175108
4.380000,0.000000,11.765767,88.234233
4.390000,0.000000,11.706938,88.293062
4.400000,0.000000,11.648404,88.351596
4.410000,0.000000,11.590162,88.409838
4.420000,0.000000,11.532211,88.467789
4.430000,0.000000,11.474550,88.525450
4.440000,0.000000,11.417177,88.582823
4.450000,0.000000,11.360091,88.639909
4.460000,0.000000,11.303291,88.696709
4.470000,0.000000,11.246774,88.753226
4.480000,0.000000,11.190540,88.809460
4.490000,0.000000,11.134588,88.865412
4.500000,0.000000,11.078915,88.921085
4.510000,0.000000,11.023520,88.976480
4.520000,0.000000,10.968403,89.031597
4.530000,0.000000,10.913561,89.086439
4.540000,0.000000,10.858993,89.141007
4.550000,0.000000,10.804698,89.195302
4.560000,0.000000,10.750674,89.249326
4.570000,0.000000,10.696921,89.303079
4.580000,0.000000,10.643436,89.356564
4.590000,0.000000,10.590219,89.409781
4.600000,0.000000,10.537268,89.462732
4.610000,0.000000,10.484582,89.515418
4.620000,0.000000,10.432159,89.567841
4.630000,0.000000,10.379998,89.620002
4.640000,0.000000,10.328098,89.671902
4.650000,0.000000,10.276458,89.723542
4.660000,0.000000,10.225075,89.774925
4.670000,0.000000,10.173950,89.826050
4.680000,0.000000,10.123080,89.876920
4.690000,0.000000,10.072465,89.927535
4.700000,0.000000,10.022102,89.977898
4.710000,0.000000,9.971992,90.028008
4.720000,0.000000,9.922132,90.077868
4.730000,0.000000,9.872521,90.127479
4.740000,0.000000,9.823159,90.176841
4.750000,0.000000,9.774043,90.225957
4.760000,0.000000,9.725173,90.274827
4.770000,0.000000,9.676547,90.323453
4.780000,0.000000,9.628164,90.371836
4.790000,0.000000,9.580023,90.419977
4.800000,0.000000,9.532123,90.467877
4.810000,0.000000,9.484463,90.515537
4.820000,0.000000,9.437040,90.562960
4.830000,0.000000,9.389855,90.610145
4.840000,0.000000,9.342906,90.657094
4.850000,0.000000,9.296191,90.703809
4.860000,0.000000,9.249710,90.750290
4.870000,0.000000,9.203462,90.796538
4.880000,0.000000,9.157444,90.842556
4.890000,0.000000,9.111657,90.888343
4.900000,0.000000,9.066099,90.933901
4.910000,0.000000,9.020768,90.979232
4.920000,0.000000,8.975665,91.024335
4.930000,0.000000,8.930786,91.069214
4.940000,0.000000,8.886132,91.113868
4.950000,0.000000,8.841702,91.158298
4.960000,0.000000,8.797493,91.202507
4.970000,0.000000,8.753506,91.246494
4.980000,0.000000,8.709738,91.290262
4.990000,0.000000,8.666189,91.333811
5.000000,0.000000,8.622858,91.377142
5.010000,0.000000,8.579744,91.420256
5.020000,0.000000,8.536845,91.463155
5.030000,0.000000,8.494161,91.505839
5.040000,0.000000,8.451690,91.548310
5.050000,0.000000,8.409432,91.590568
5.060000,0.000000,8.367385,91.632615
5.070000,0.000000,8.325548,91.674452
5.080000,0.000000,8.283920,91.716080
5.090000,0.000000,8.242501,91.757499
5.100000,0.000000,8.201288,91.798712
5.110000,0.000000,8.160282,91.839718
5.120000,0.000000,8.119480,91.880520
5.130000,0.000000,8.078883,91.921117
5.140000,0.000000,8.038488,91.961512
5.150000,0.000000,7.998296,92.001704
5.160000,0.000000,7.958304,92.041696
5.170000,0.000000,7.918513,92.081487
5.180000,0.000000,7.878920,92.121080
5.190000,0.000000,7.839526,92.160474
5.200000,0.000000,7.800328,92.199672
5.210000,0.000000,7.761327,92.238673
5.220000,0.000000,7.722520,92.277480
5.230000,0.000000,7.683907,92.316093
5.240000,0.000000,7.645488,92.354512
5.250000,0.000000,7.607260,92.392740
5.260000,0.000000,7.569224,92.430776
5.270000,0.000000,7.531378,92.468622
5.280000,0.000000,7.493721,92.506279
5.290000,0.000000,7.456252,92.543748
5.300000,0.000000,7.418971,92.581029
5.310000,0.000000,7.381876,92.618124
5.320000,0.000000,7.344967,92.655033
5.330000,0.000000,7.308242,92.691758
5.340000,0.000000,7.271701,92.728299
5.350000,0.000000,7.235342,92.764658
5.360000,0.000000,7.199166,92.800834
5.370000,0.000000,7.163170,92.836830
5.380000,0.000000,7.127354,92.872646
5.390000,0.000000,7.091717,92.908283
5.400000,0.000000,7.056259,92.943741
5.410000,0.000000,7.020977,92.979023
5.420000,0.000000,6.985872,93.014128
5.430000,0.000000,6.950943,93.049057
5.440000,0.000000,6.916188,93.083812
5.450000,0.000000,6.881607,93.118393
5.460000,0.000000,6.847199,93.152801
5.470000,0.000000,6.812963,93.187037
5.480000,0.000000,6.778899,93.221101
5.490000,0.000000,6.745004,93.254996
5.500000,0.000000,6.711279,93.288721
5.510000,0.000000,6.677723,93.322277
5.520000,0.000000,6.644334,93.355666
5.530000,0.000000,6.611112,93.388888
5.540000,0.000000,6.578057,93.421943
5.550000,0.000000,6.545167,93.454833
5.560000,0.000000,6.512441,93.487559
5.570000,0.000000,6.479878,93.520122
5.580000,0.000000,6.447479,93.552521
5.590000,0.000000,6.415242,93.584758
5.600000,0.000000,6.383165,93.616835
5.610000,0.000000,6.351250,93.648750
5.620000,0.000000,6.319493,93.680507
5.630000,0.000000,6.287896,93.712104
5.640000,0.000000,6.256456,93.743544
5.650000,0.000000,6.225174,93.774826
5.660000,0.000000,6.194048,93.805952
5.670000,0.000000,6.163078,93.836922
5.680000,0.000000,6.132263,93.867737
5.690000,0.000000,6.101601,93.898399
5.700000,0.000000,6.071093,93.928907
5.710000,0.000000,6.040738,93.959262
5.720000,0.000000,6.010534,93.989466
5.730000,0.000000,5.980482,94.019518
5.740000,0.000000,5.950579,94.049421
5.750000,0.000000,5.920826,94.079174
5.760000,0.000000,5.891222,94.108778
5.770000,0.000000,5.861766,94.138234
5.780000,0.000000,5.832457,94.167543
5.790000,0.000000,5.803295,94.196705
5.800000,0.000000,5.774278,94.225722
5.810000,0.000000,5.745407,94.254593
5.820000,0.000000,5.716680,94.283320
5.830000,0.000000,5.688097,94.311903
5.840000,0.000000,5.659656,94.340344
5.850000,0.000000,5.631358,94.368642
5.860000,0.000000,5.603201,94.396799
5.870000,0.000000,5.575185,94.424815
5.880000,0.000000,5.547309,94.452691
5.890000,0.000000,5.519573,94.480427
5.900000,0.000000,5.491975,94.508025
5.910000,0.000000,5.464515,94.535485
5.920000,0.000000,5.437192,94.562808
5.930000,0.000000,5.410006,94.589994
5.940000,0.000000,5.382956,94.617044
5.950000,0.000000,5.356041,94.643959
5.960000,0.000000,5.329261,94.670739
5.970000,0.000000,5.302615,94.697385
5.980000,0.000000,5.276102,94.723898
5.990000,0.000000,5.249721,94.750279
6.000000,0.000000,5.223473,94.776527
6.010000,0.000000,5.197355,94.802645
6.020000,0.000000,5.171369,94.828631
6.030000,0.000000,5.145512,94.854488
6.040000,0.000000,5.119784,94.880216
6.050000,0.000000,5.094185,94.905815
6.060000,0.000000,5.068714,94.931286
6.070000,0.000000,5.043371,94.956629
6.080000,0.000000,5.018154,94.981846
6.090000,0.000000,4.993063,95.006937
6.100000,0.000000,4.968098,95.031902
6.110000,0.000000,4.943257,95.056743
6.120000,0.000000,4.918541,95.081459
6.130000,0.000000,4.893948,95.106052
6.140000,0.000000,4.869479,95.130521
6.150000,0.000000,4.845131,95.154869
6.160000,0.000000,4.820906,95.179094
6.170000,0.000000,4.796801,95.203199
6.180000,0.000000,4.772817,95.227183
6.190000,0.000000,4.748953,95.251047
6.200000,0.000000,4.725208,95.274792
6.210000,0.000000,4.701582,95.298418
6.220000,0.000000,4.678074,95.321926
6.230000,0.000000,4.654684,95.345316
6.240000,0.000000,4.631410,95.368590
6.250000,0.000000,4.608253,95.391747
6.260000,0.000000,4.585212,95.414788
6.270000,0.000000,4.562286,95.437714
6.280000,0.000000,4.539475,95.460525
6.290000,0.000000,4.516777,95.483223
6.300000,0.000000,4.494193,95.505807
6.310000,0.000000,4.471722,95.528278
6.320000,0.000000,4.449364,95.550636
6.330000,0.000000,4.427117,95.572883
6.340000,0.000000,4.404981,95.595019
6.350000,0.000000,4.382956,95.617044
6.360000,0.000000,4.361042,95.638958
6.370000,0.000000,4.339236,95.660764
6.380000,0.000000,4.317540,95.682460
6.390000,0.000000,4.295953,95.704047
6.400000,0.000000,4.274473,95.725527
6.410000,0.000000,4.253100,95.746900
6.420000,0.000000,4.231835,95.768165
6.430000,0.000000,4.210676,95.789324
6.440000,0.000000,4.189622,95.810378
6.450000,0.000000,4.168674,95.831326
6.460000,0.000000,4.147831,95.852169
6.470000,0.000000,4.127092,95.872908
6.480000,0.000000,4.106456,95.893544
6.490000,0.000000,4.085924,95.914076
6.500000,0.000000,4.065494,95.934506
6.510000,0.000000,4.045167,95.954833
6.520000,0.000000,4.024941,95.975059
6.530000,0.000000,4.004816,95.995184
6.540000,0.000000,3.984792,96.015208
6.550000,0.000000,3.964868,96.035132
6.560000,0.000000,3.945044,96.054956
6.570000,0.000000,3.925319,96.074681
6.580000,0.000000,3.905692,96.094308
6.590000,0.000000,3.886164,96.113836
6.600000,0.000000,3.866733,96.133267
6.610000,0.000000,3.847399,96.152601
6.620000,0.000000,3.828162,96.171838
6.630000,0.000000,3.809021,96.190979
6.640000,0.000000,3.789976,96.210024
6.650000,0.000000,3.771026,96.228974
6.660000,0.000000,3.752171,96.247829
6.670000,0.000000,3.733410,96.266590
6.680000,0.000000,3.714743,96.285257
6.690000,0.000000,3.696170,96.303830
6.700000,0.000000,3.677689,96.322311
6.710000,0.000000,3.659300,96.340700
6.720000,0.000000,3.641004,96.358996
6.730000,0.000000,3.622799,96.377201
6.740000,0.000000,3.604685,96.395315
6.750000,0.000000,3.586661,96.413339
6.760000,0.000000,3.568728,96.431272
6.770000,0.000000,3.550885,96.449115
6.780000,0.000000,3.533130,96.466870
6.790000,0.000000,3.515464,96.484536
6.800000,0.000000,3.497887,96.502113
6.810000,0.000000,3.480398,96.519602
6.820000,0.000000,3.462996,96.537004
6.830000,0.000000,3.445681,96.554319
6.840000,0.000000,3.428452,96.571548
6.850000,0.000000,3.411310,96.588690
6.860000,0.000000,3.394254,96.605746
6.870000,0.000000,3.377282,96.622718
6.880000,0.000000,3.360396,96.639604
6.890000,0.000000,3.343594,96.656406
6.900000,0.000000,3.326876,96.673124
6.910000,0.000000,3.310242,96.689758
6.920000,0.000000,3.293690,96.706310
6.930000,0.000000,3.277222,96.722778
6.940000,0.000000,3.260836,96.739164
6.950000,0.000000,3.244532,96.755468
6.960000,0.000000,3.228309,96.771691
6.970000,0.000000,3.212167,96.787833
6.980000,0.000000,3.196107,96.803893
6.990000,0.000000,3.180126,96.819874
7.000000,0.000000,3.164225,96.835775
7.010000,0.000000,3.148404,96.851596
7.020000,0.000000,3.132662,96.867338
7.030000,0.000000,3.116999,96.883001
7.040000,0.000000,3.101414,96.898586
7.050000,0.000000,3.085907,96.914093
7.060000,0.000000,3.070477,96.929523
7.070000,0.000000,3.055125,96.944875
7.080000,0.000000,3.039849,96.960151
7.090000,0.000000,3.024650,96.975350
7.100000,0.000000,3.009527,96.990473
7.110000,0.000000,2.994479,97.005521
7.120000,0.000000,2.979507,97.020493
7.130000,0.000000,2.964609,97.035391
7.140000,0.000000,2.949786,97.050214
7.150000,0.000000,2.935037,97.064963
7.160000,0.000000,2.920362,97.079638
7.170000,0.000000,2.905760,97.094240
7.180000,0.000000,2.891231,97.108769
7.190000,0.000000,2.876775,97.123225
7.200000,0.000000,2.862391,97.137609
7.210000,0.000000,2.848079,97.151921
7.220000,0.000000,2.833839,97.166161
7.230000,0.000000,2.819670,97.180330
7.240000,0.000000,2.805572,97.194428
7.250000,0.000000,2.791544,97.208456
7.260000,0.000000,2.777586,97.222414
7.270000,0.000000,2.763698,97.236302
7.280000,0.000000,2.749880,97.250120
7.290000,0.000000,2.736130,97.263870
7.300000,0.000000,2.722449,97.277551
7.310000,0.000000,2.708837,97.291163
7.320000,0.000000,2.695293,97.304707
7.330000,0.000000,2.681817,97.318183
7.340000,0.000000,2.668408,97.331592
7.350000,0.000000,2.655065,97.344935
7.360000,0.000000,2.641790,97.358210
7.370000,0.000000,2.628581,97.371419
7.380000,0.000000,2.615438,97.384562
7.390000,0.000000,2.602361,97.397639
7.400000,0.000000,2.589349,97.410651
7.410000,0.000000,2.576403,97.423597
7.420000,0.000000,2.563521,97.436479
7.430000,0.000000,2.550703,97.449297
7.440000,0.000000,2.537949,97.462051
7.450000,0.000000,2.525260,97.474740
7.460000,0.000000,2.512633,97.487367
7.470000,0.000000,2.500070,97.499930
7.480000,0.000000,2.487570,97.512430
7.490000,0.000000,2.475132,97.524868
7.500000,0.000000,2.462756,97.537244
7.510000,0.000000,2.450443,97.549557
7.520000,0.000000,2.438190,97.561810
7.530000,0.000000,2.425999,97.574001
7.540000,0.000000,2.413869,97.586131
7.550000,0.000000,2.401800,97.598200
7.560000,0.000000,2.389791,97.610209
7.570000,0.000000,2.377842,97.622158
7.580000,0.000000,2.365953,97.634047
7.590000,0.000000,2.354123,97.645877
7.600000,0.000000,2.342352,97.657648
7.610000,0.000000,2.330641,97.669359
7.620000,0.000000,2.318988,97.681012
7.630000,0.000000,2.307393,97.692607
7.640000,0.000000,2.295856,97.704144
7.650000,0.000000,2.284376,97.715624
7.660000,0.000000,2.272954,97.727046
7.670000,0.000000,2.261590,97.738410
7.680000,0.000000,2.250282,97.749718
7.690000,0.000000,2.239030,97.760970
7.700000,0.000000,2.227835,97.772165
7.710000,0.000000,2.216696,97.783304
7.720000,0.000000,2.205613,97.794387
7.730000,0.000000,2.194584,97.805416
7.740000,0.000000,2.183612,97.816388
7.750000,0.000000,2.172693,97.827307
7.760000,0.000000,2.161830,97.838170
7.770000,0.000000,2.151021,97.848979
7.780000,0.000000,2.140266,97.859734
7.790000,0.000000,2.129564,97.870436
7.800000,0.000000,2.118917,97.881083
7.810000,0.000000,2.108322,97.891678
7.820000,0.000000,2.097780,97.902220
7.830000,0.000000,2.087292,97.912708
7.840000,0.000000,2.076855,97.923145
7.850000,0.000000,2.066471,97.933529
7.860000,0.000000,2.056138,97.943862
7.870000,0.000000,2.045858,97.954142
7.880000,0.000000,2.035628,97.964372
7.890000,0.000000,2.025450,97.974550
7.900000,0.000000,2.015323,97.984677
7.910000,0.000000,2.005246,97.994754
7.920000,0.000000,1.995220,98.004780
7.930000,0.000000,1.985244,98.014756
7.940000,0.000000,1.975318,98.024682
7.950000,0.000000,1.965441,98.034559
7.960000,0.000000,1.955614,98.044386
7.970000,0.000000,1.945836,98.054164
7.980000,0.000000,1.936107,98.063893
7.990000,0.000000,1.926426,98.073574
8.000000,0.000000,1.916794,98.083206
8.010000,0.000000,1.907210,98.092790
8.020000,0.000000,1.897674,98.102326
8.030000,0.000000,1.888186,98.111814
8.040000,0.000000,1.878745,98.121255
8.050000,0.000000,1.869351,98.130649
8.060000,0.000000,1.860004,98.139996
8.070000,0.000000,1.850704,98.149296
8.080000,0.000000,1.841451,98.158549
8.090000,0.000000,1.832244,98.167756
8.100000,0.000000,1.823082,98.176918
8.110000,0.000000,1.813967,98.186033
8.120000,0.000000,1.804897,98.195103
8.130000,0.000000,1.795873,98.204127
8.140000,0.000000,1.786893,98.213107
8.150000,0.000000,1.777959,98.222041
8.160000,0.000000,1.769069,98.230931
8.170000,0.000000,1.760224,98.239776
8.180000,0.000000,1.751423,98.248577
8.190000,0.000000,1.742665,98.257335
8.200000,0.000000,1.733952,98.266048
8.210000,0.000000,1.725282,98.274718
8.220000,0.000000,1.716656,98.283344
8.230000,0.000000,1.708073,98.291927
8.240000,0.000000,1.699532,98.300468
8.250000,0.000000,1.691035,98.308965
8.260000,0.000000,1.682579,98.317421
8.270000,0.000000,1.674167,98.325833
8.280000,0.000000,1.665796,98.334204
8.290000,0.000000,1.657467,98.342533
8.300000,0.000000,1.649179,98.350821
8.310000,0.000000,1.640934,98.359066
8.320000,0.000000,1.632729,98.367271
8.330000,0.000000,1.624565,98.375435
8.340000,0.000000,1.616442,98.383558
8.350000,0.000000,1.608360,98.391640
8.360000,0.000000,1.600318,98.399682
8.370000,0.000000,1.592317,98.407683
8.380000,0.000000,1.584355,98.415645
8.390000,0.000000,1.576433,98.423567
8.400000,0.000000,1.568551,98.431449
8.410000,0.000000,1.560708,98.439292
8.420000,0.000000,1.552905,98.447095
8.430000,0.000000,1.545140,98.454860
8.440000,0.000000,1.537415,98.462585
8.450000,0.000000,1.529728,98.470272
8.460000,0.000000,1.522079,98.477921
8.470000,0.000000,1.514469,98.485531
8.480000,0.000000,1.506896,98.493104
8.490000,0.000000,1.499362,98.500638
8.500000,0.000000,1.491865,98.508135
8.510000,0.000000,1.484406,98.515594
8.520000,0.000000,1.476984,98.523016
8.530000,0.000000,1.469599,98.530401
8.540000,0.000000,1.462251,98.537749
8.550000,0.000000,1.454939,98.545061
8.560000,0.000000,1.447665,98.552335
8.570000,0.000000,1.440426,98.559574
8.580000,0.000000,1.433224,98.566776
8.590000,0.000000,1.426058,98.573942
8.600000,0.000000,1.418928,98.581072
8.610000,0.000000,1.411833,98.588167
8.620000,0.000000,1.404774,98.595226
8.630000,0.000000,1.397750,98.602250
8.640000,0.000000,1.390761,98.609239
8.650000,0.000000,1.383808,98.616192
8.660000,0.000000,1.376889,98.623111
8.670000,0.000000,1.370004,98.629996
8.680000,0.000000,1.363154,98.636846
8.690000,0.000000,1.356338,98.643662
8.700000,0.000000,1.349557,98.650443
8.710000,0.000000,1.342809,98.657191
8.720000,0.000000,1.336095,98.663905
8.730000,0.000000,1.329414,98.670586
8.740000,0.000000,1.322767,98.677233
8.750000,0.000000,1.316153,98.683847
8.760000,0.000000,1.309573,98.690427
8.770000,0.000000,1.303025,98.696975
8.780000,0.000000,1.296510,98.703490
8.790000,0.000000,1.290027,98.709973
8.800000,0.000000,1.283577,98.716423
8.810000,0.000000,1.277159,98.722841
8.820000,0.000000,1.270773,98.729227
8.830000,0.000000,1.264419,98.735581
8.840000,0.000000,1.258097,98.741903
8.850000,0.000000,1.251807,98.748193
8.860000,0.000000,1.245548,98.754452
8.870000,0.000000,1.239320,98.760680
8.880000,0.000000,1.233124,98.766876
8.890000,0.000000,1.226958,98.773042
8.900000,0.000000,1.220823,98.779177
8.910000,0.000000,1.214719,98.785281
8.920000,0.000000,1.208645,98.791355
8.930000,0.000000,1.202602,98.797398
8.940000,0.000000,1.196589,98.803411
8.950000,0.000000,1.190606,98.809394
8.960000,0.000000,1.184653,98.815347
8.970000,0.000000,1.178730,98.821270
8.980000,0.000000,1.172836,98.827164
8.990000,0.000000,1.166972,98.833028
9.000000,0.000000,1.161137,98.838863
9.010000,0.000000,1.155332,98.844668
9.020000,0.000000,1.149555,98.850445
9.030000,0.000000,1.143807,98.856193
9.040000,0.000000,1.138088,98.861912
9.050000,0.000000,1.132398,98.867602
9.060000,0.000000,1.126736,98.873264
9.070000,0.000000,1.121102,98.878898
9.080000,0.000000,1.115496,98.884504
9.090000,0.000000,1.109919,98.890081
9.100000,0.000000,1.104369,98.895631
9.110000,0.000000,1.098848,98.901152
9.120000,0.000000,1.093353,98.906647
9.130000,0.000000,1.087887,98.912113
9.140000,0.000000,1.082447,98.917553
9.150000,0.000000,1.077035,98.922965
9.160000,0.000000,1.071650,98.928350
9.170000,0.000000,1.066291,98.933709
9.180000,0.000000,1.060960,98.939040
9.190000,0.000000,1.055655,98.944345
9.200000,0.000000,1.050377,98.949623
9.210000,0.000000,1.045125,98.954875
9.220000,0.000000,1.039899,98.960101
9.230000,0.000000,1.034700,98.965300
9.240000,0.000000,1.029526,98.970474
9.250000,0.000000,1.024379,98.975621
9.260000,0.000000,1.019257,98.980743
9.270000,0.000000,1.014161,98.985839
9.280000,0.000000,1.009090,98.990910
9.290000,0.000000,1.004044,98.995956
9.300000,0.000000,0.999024,99.000976
9.310000,0.000000,0.994029,99.005971
9.320000,0.000000,0.989059,99.010941
9.330000,0.000000,0.984114,99.015886
9.340000,0.000000,0.979193,99.020807
9.350000,0.000000,0.974297,99.025703
9.360000,0.000000,0.969426,99.030574
9.370000,0.000000,0.964578,99.035422
9.380000,0.000000,0.959756,99.040244
9.390000,0.000000,0.954957,99.045043
9.400000,0.000000,0.950182,99.049818
9.410000,0.000000,0.945431,99.054569
9.420000,0.000000,0.940704,99.059296
9.430000,0.000000,0.936000,99.064000
9.440000,0.000000,0.931320,99.068680
9.450000,0.000000,0.926664,99.073336
9.460000,0.000000,0.922030,99.077970
9.470000,0.000000,0.917420,99.082580
9.480000,0.000000,0.912833,99.087167
9.490000,0.000000,0.908269,99.091731
9.500000,0.000000,0.903728,99.096272
9.510000,0.000000,0.899209,99.100791
9.520000,0.000000,0.894713,99.105287
9.530000,0.000000,0.890239,99.109761
9.540000,0.000000,0.885788,99.114212
9.550000,0.000000,0.881359,99.118641
9.560000,0.000000,0.876953,99.123047
9.570000,0.000000,0.872568,99.127432
9.580000,0.000000,0.868205,99.131795
9.590000,0.000000,0.863864,99.136136
9.600000,0.000000,0.859545,99.140455
9.610000,0.000000,0.855247,99.144753
9.620000,0.000000,0.850971,99.149029
9.630000,0.000000,0.846716,99.153284
9.640000,0.000000,0.842482,99.157518
9.650000,0.000000,0.838270,99.161730
9.660000,0.000000,0.834078,99.165922
9.670000,0.000000,0.829908,99.170092
9.680000,0.000000,0.825758,99.174242
9.690000,0.000000,0.821630,99.178370
9.700000,0.000000,0.817522,99.182478
9.710000,0.000000,0.813434,99.186566
9.720000,0.000000,0.809367,99.190633
9.730000,0.000000,0.805320,99.194680
9.740000,0.000000,0.801293,99.198707
9.750000,0.000000,0.797287,99.202713
9.760000,0.000000,0.793300,99.206700
9.770000,0.000000,0.789334,99.210666
9.780000,0.000000,0.785387,99.214613
9.790000,0.000000,0.781460,99.218540
9.800000,0.000000,0.777553,99.222447
9.810000,0.000000,0.773665,99.226335
9.820000,0.000000,0.769797,99.230203
9.830000,0.000000,0.765948,99.234052
9.840000,0.000000,0.762118,99.237882
9.850000,0.000000,0.758308,99.241692
9.860000,0.000000,0.754516,99.245484
9.870000,0.000000,0.750744,99.249256
9.880000,0.000000,0.746990,99.253010
9.890000,0.000000,0.743255,99.256745
9.900000,0.000000,0.739539,99.260461
9.910000,0.000000,0.735841,99.264159
9.920000,0.000000,0.732162,99.267838
9.930000,0.000000,0.728501,99.271499
9.940000,0.000000,0.724858,99.275142
9.950000,0.000000,0.721234,99.278766
9.960000,0.000000,0.717628,99.282372
9.970000,0.000000,0.714040,99.285960
9.980000,0.000000,0.710470,99.289530
9.990000,0.000000,0.706917,99.293083
